28900 0.298407 0.0908212 0.610772
33009 0.625016 0.196464 0.17852
171 0.537729 0.249234 0.213037
30735 0.0901623 0.446639 0.463199
24795 0.150074 0.549604 0.300323
3390 0.484347 0.474734 0.0409188
7260 0.0648454 0.272504 0.662651
34304 0.373088 0.486869 0.140044
33338 0.24371 0.355794 0.400495
9446 0.114005 0.274016 0.61198
29018 0.789609 0.166825 0.0435656
7427 0.281439 0.626015 0.092546
33515 0.0830016 0.895886 0.0211123
5591 0.142736 0.0255688 0.831696
2908 0.483961 0.248288 0.267751
32445 0.243024 0.690983 0.0659926
34610 0.573808 0.390504 0.0356879
16249 0.0317328 0.493046 0.475221
40460 0.0434111 0.363024 0.593565
10479 0.0638182 0.83353 0.102652
9197 0.194402 0.0279008 0.777697
9697 0.106847 0.526054 0.367099
27698 0.577819 0.387946 0.0342345
