31733 0.22898 0.549362 0.221659
36107 0.125255 0.379366 0.495379
7147 0.222629 0.161606 0.615765
30613 0.0401277 0.515225 0.444647
30996 0.15222 0.398694 0.449086
12445 0.237171 0.262713 0.500116
1818 0.488658 0.199094 0.312248
37591 0.36529 0.309059 0.32565
2412 0.375419 0.33807 0.286511
386 0.315307 0.143464 0.541229
30558 0.665883 0.0852645 0.248853
8035 0.612424 0.301221 0.0863549
31061 0.265329 0.127666 0.607005
44749 0.376804 0.200862 0.422334
11808 0.10216 0.676296 0.221544
47765 0.0066243 0.197884 0.795491
37910 0.428769 0.101686 0.469545
27658 0.562683 0.164838 0.272479
46595 0.546722 0.0591083 0.39417
37567 0.894598 0.00554563 0.0998566
24940 0.0956735 0.279618 0.624709
1518 0.472546 0.305951 0.221503
8672 0.472649 0.0406626 0.486689
