768 0.13544 0.409824 0.454736
54147 0.36479 0.00809303 0.627117
4310 0.701521 0.136475 0.162004
33211 0.655185 0.207026 0.137789
29642 0.150625 0.317583 0.531792
58610 0.163105 0.260829 0.576066
6758 0.580664 0.2544 0.164936
59312 0.172635 0.52735 0.300015
96864 0.551928 0.183047 0.265026
861 0.128848 0.686663 0.18449
21163 0.456868 0.112396 0.430736
7613 0.138311 0.835637 0.0260521
13804 0.306473 0.580598 0.112928
74736 0.581149 0.0344209 0.38443
54157 0.213995 0.522935 0.26307
60243 0.0136337 0.818419 0.167947
97939 0.399847 0.302146 0.298007
3184 0.162501 0.818053 0.0194461
89717 0.715546 0.228628 0.0558258
94912 0.508267 0.066117 0.425616
22405 0.0406668 0.490034 0.4693
11453 0.657511 0.167018 0.17547
30552 0.217069 0.587112 0.195819
