970 0.419131 0.205808 0.375061
147 0.336633 0.250914 0.412453
758 0.635831 0.336711 0.0274585
3313 0.8406 0.1044 0.0549995
1283 0.368949 0.0043399 0.626711
3016 0.118783 0.349935 0.531282
100 0.476058 0.210294 0.313648
3035 0.172595 0.552761 0.274644
944 0.619658 0.243087 0.137255
835 0.230669 0.0237222 0.745608
3303 0.0477105 0.0402723 0.912017
838 0.010641 0.636958 0.352401
258 0.700395 0.0111263 0.288479
2592 0.389836 0.219577 0.390587
3265 0.268031 0.216627 0.515341
3066 0.0759492 0.861184 0.0628665
2429 0.423167 0.0708593 0.505973
2137 0.441957 0.0891276 0.468915
1684 0.334029 0.661435 0.00453607
3440 0.0250124 0.632953 0.342034
2358 0.301248 0.0955741 0.603178
220 0.67804 0.284618 0.037342
926 0.179776 0.790109 0.0301158
