9145 0.639487 0.204794 0.15572
33703 0.561552 0.278556 0.159891
25302 0.00407401 0.319299 0.676627
4203 0.0692258 0.390107 0.540667
30996 0.0288091 0.789966 0.181224
12445 0.741919 0.0214152 0.236666
1750 0.311783 0.249551 0.438666
12535 0.0671211 0.405032 0.527847
14674 0.413664 0.00562618 0.58071
1427 0.329979 0.551304 0.118718
31853 0.2953 0.484517 0.220183
8035 0.110557 0.233149 0.656293
30495 0.107564 0.460517 0.43192
35656 0.227643 0.159731 0.612626
17619 0.639919 0.293541 0.0665396
39387 0.509784 0.273378 0.216838
40464 0.412927 0.447123 0.139951
17381 0.575753 0.121477 0.30277
48481 0.140475 0.431293 0.428231
15898 0.526669 0.320022 0.153309
7429 0.0938384 0.488656 0.417505
10336 0.555375 0.231632 0.212993
1971 0.635455 0.20615 0.158394
